{
    "camera_model": "OPENCV",
    "orientation_override": "none",
    "frames": [
        {
            "fl_x": 775.68044197177,
            "fl_y": 775.68044197177,
            "cx": 200.0,
            "cy": 200.0,
            "w": 400,
            "h": 400,
            "file_path": "./images/00000.jpg",
            "transform_matrix": [
                [
                    -0.9490447640419006,
                    0.24007079005241394,
                    -0.2041567862033844,
                    -0.27165688511572905
                ],
                [
                    -0.2988518476486206,
                    -0.48001828789711,
                    0.8247848153114319,
                    0.5696987838403706
                ],
                [
                    0.10000775754451752,
                    0.8437703847885132,
                    0.527304470539093,
                    0.13842583677532616
                ],
                [
                    0.0,
                    0.0,
                    0.0,
                    1.0
                ]
            ]
        },
        {
            "fl_x": 775.1545669792406,
            "fl_y": 775.1545669792406,
            "cx": 200.0,
            "cy": 200.0,
            "w": 400,
            "h": 400,
            "file_path": "./images/00001.jpg",
            "transform_matrix": [
                [
                    -0.9526159763336182,
                    0.24237538874149323,
                    -0.183785080909729,
                    -0.25007366120518326
                ],
                [
                    -0.2815318703651428,
                    -0.4738052785396576,
                    0.8344149589538574,
                    0.6075585102367181
                ],
                [
                    0.11516331136226654,
                    0.8466184139251709,
                    0.5195908546447754,
                    0.1459101662528239
                ],
                [
                    0.0,
                    0.0,
                    0.0,
                    1.0
                ]
            ]
        },
        {
            "fl_x": 775.2154654757064,
            "fl_y": 775.2154654757064,
            "cx": 200.0,
            "cy": 200.0,
            "w": 400,
            "h": 400,
            "file_path": "./images/00002.jpg",
            "transform_matrix": [
                [
                    -0.9846277832984924,
                    0.1638960987329483,
                    -0.06038368493318558,
                    -0.19496848097132838
                ],
                [
                    -0.13741625845432281,
                    -0.5134789943695068,
                    0.8470277786254883,
                    0.6388340430888785
                ],
                [
                    0.10781879723072052,
                    0.8423048257827759,
                    0.5281077027320862,
                    0.13965917255456248
                ],
                [
                    0.0,
                    0.0,
                    0.0,
                    1.0
                ]
            ]
        },
        {
            "fl_x": 774.9774853792961,
            "fl_y": 774.9774853792961,
            "cx": 200.0,
            "cy": 200.0,
            "w": 400,
            "h": 400,
            "file_path": "./images/00003.jpg",
            "transform_matrix": [
                [
                    -0.9953089356422424,
                    0.0967336893081665,
                    0.0016517643816769123,
                    -0.11337256601612354
                ],
                [
                    -0.04935438930988312,
                    -0.5223517417907715,
                    0.8513006567955017,
                    0.6659189208514739
                ],
                [
                    0.08321225643157959,
                    0.8472256064414978,
                    0.5246756076812744,
                    0.1204256090814937
                ],
                [
                    0.0,
                    0.0,
                    0.0,
                    1.0
                ]
            ]
        },
        {
            "fl_x": 774.9609488136225,
            "fl_y": 774.9609488136225,
            "cx": 200.0,
            "cy": 200.0,
            "w": 400,
            "h": 400,
            "file_path": "./images/00004.jpg",
            "transform_matrix": [
                [
                    -0.9932164549827576,
                    0.10723389685153961,
                    0.04496682062745094,
                    -0.04895131515377582
                ],
                [
                    -0.020579753443598747,
                    -0.5427132248878479,
                    0.8396658897399902,
                    0.6512366775908179
                ],
                [
                    0.11444474011659622,
                    0.8330445885658264,
                    0.54123854637146,
                    0.11548407343317225
                ],
                [
                    0.0,
                    0.0,
                    0.0,
                    1.0
                ]
            ]
        },
        {
            "fl_x": 774.9609488136225,
            "fl_y": 774.9609488136225,
            "cx": 200.0,
            "cy": 200.0,
            "w": 400,
            "h": 400,
            "file_path": "./images/00005.jpg",
            "transform_matrix": [
                [
                    -0.9930105209350586,
                    0.06251534074544907,
                    0.1001095324754715,
                    0.004405405438918191
                ],
                [
                    0.051078155636787415,
                    -0.537030041217804,
                    0.8420153260231018,
                    0.6151277726464784
                ],
                [
                    0.10640069842338562,
                    0.8412434458732605,
                    0.5300832986831665,
                    0.11453346301882673
                ],
                [
                    0.0,
                    0.0,
                    0.0,
                    1.0
                ]
            ]
        },
        {
            "fl_x": 775.251406572318,
            "fl_y": 775.251406572318,
            "cx": 200.0,
            "cy": 200.0,
            "w": 400,
            "h": 400,
            "file_path": "./images/00006.jpg",
            "transform_matrix": [
                [
                    -0.9817453026771545,
                    0.015691105276346207,
                    0.18955200910568237,
                    0.08024165715866546
                ],
                [
                    0.15527288615703583,
                    -0.5094489455223083,
                    0.8463758826255798,
                    0.5721306602050535
                ],
                [
                    0.10984764248132706,
                    0.8603578209877014,
                    0.4977126717567444,
                    0.11600091329829047
                ],
                [
                    0.0,
                    0.0,
                    0.0,
                    1.0
                ]
            ]
        },
        {
            "fl_x": 775.223764268812,
            "fl_y": 775.223764268812,
            "cx": 200.0,
            "cy": 200.0,
            "w": 400,
            "h": 400,
            "file_path": "./images/00007.jpg",
            "transform_matrix": [
                [
                    -0.9630575776100159,
                    -0.017980962991714478,
                    0.2686944901943207,
                    0.1616281459176549
                ],
                [
                    0.23789821565151215,
                    -0.5243622064590454,
                    0.81758713722229,
                    0.5435386149923024
                ],
                [
                    0.12619224190711975,
                    0.8513054251670837,
                    0.5092687010765076,
                    0.11571834477240124
                ],
                [
                    0.0,
                    0.0,
                    0.0,
                    1.0
                ]
            ]
        },
        {
            "fl_x": 775.1573739239675,
            "fl_y": 775.1573739239675,
            "cx": 200.0,
            "cy": 200.0,
            "w": 400,
            "h": 400,
            "file_path": "./images/00008.jpg",
            "transform_matrix": [
                [
                    -0.8621930480003357,
                    -0.17619429528713226,
                    0.47495126724243164,
                    0.3084910429866201
                ],
                [
                    0.4982389211654663,
                    -0.46437838673591614,
                    0.7321957945823669,
                    0.5071404775943489
                ],
                [
                    0.0915483608841896,
                    0.8679333329200745,
                    0.48817068338394165,
                    0.09444293124117398
                ],
                [
                    0.0,
                    0.0,
                    0.0,
                    1.0
                ]
            ]
        },
        {
            "fl_x": 775.2127805720548,
            "fl_y": 775.2127805720548,
            "cx": 200.0,
            "cy": 200.0,
            "w": 400,
            "h": 400,
            "file_path": "./images/00009.jpg",
            "transform_matrix": [
                [
                    -0.8328630924224854,
                    -0.21233126521110535,
                    0.5111306309700012,
                    0.3684447164375704
                ],
                [
                    0.545744776725769,
                    -0.4688913822174072,
                    0.6944807171821594,
                    0.4856601118147489
                ],
                [
                    0.09220479428768158,
                    0.8573542237281799,
                    0.506401002407074,
                    0.09703741736010336
                ],
                [
                    0.0,
                    0.0,
                    0.0,
                    1.0
                ]
            ]
        },
        {
            "fl_x": 775.1241787515451,
            "fl_y": 775.1241787515451,
            "cx": 200.0,
            "cy": 200.0,
            "w": 400,
            "h": 400,
            "file_path": "./images/00010.jpg",
            "transform_matrix": [
                [
                    -0.7719326615333557,
                    -0.25390228629112244,
                    0.5827981233596802,
                    0.44004001387736663
                ],
                [
                    0.6292945146560669,
                    -0.4350634813308716,
                    0.6439783573150635,
                    0.4284501325749358
                ],
                [
                    0.09004659205675125,
                    0.8638595938682556,
                    0.4956190288066864,
                    0.09175547649760746
                ],
                [
                    0.0,
                    0.0,
                    0.0,
                    1.0
                ]
            ]
        },
        {
            "fl_x": 775.4506996479276,
            "fl_y": 775.4506996479276,
            "cx": 200.0,
            "cy": 200.0,
            "w": 400,
            "h": 400,
            "file_path": "./images/00011.jpg",
            "transform_matrix": [
                [
                    -0.6387320756912231,
                    -0.32901546359062195,
                    0.6955358982086182,
                    0.5237191936129684
                ],
                [
                    0.7677008509635925,
                    -0.3330703377723694,
                    0.5474482178688049,
                    0.32132809811298446
                ],
                [
                    0.051543451845645905,
                    0.8836362361907959,
                    0.4653281569480896,
                    0.08297659790114259
                ],
                [
                    0.0,
                    0.0,
                    0.0,
                    1.0
                ]
            ]
        },
        {
            "fl_x": 775.4922546339934,
            "fl_y": 775.4922546339934,
            "cx": 200.0,
            "cy": 200.0,
            "w": 400,
            "h": 400,
            "file_path": "./images/00012.jpg",
            "transform_matrix": [
                [
                    -0.5412601232528687,
                    -0.36688780784606934,
                    0.7565915584564209,
                    0.5709979231519574
                ],
                [
                    0.8379905223846436,
                    -0.3095719814300537,
                    0.44937410950660706,
                    0.2542352701495234
                ],
                [
                    0.06934968382120132,
                    0.8772448301315308,
                    0.47500747442245483,
                    0.08617775572979589
                ],
                [
                    0.0,
                    0.0,
                    0.0,
                    1.0
                ]
            ]
        },
        {
            "fl_x": 775.691486689065,
            "fl_y": 775.691486689065,
            "cx": 200.0,
            "cy": 200.0,
            "w": 400,
            "h": 400,
            "file_path": "./images/00013.jpg",
            "transform_matrix": [
                [
                    -0.3895779252052307,
                    -0.4060026705265045,
                    0.8266745805740356,
                    0.6238672434827104
                ],
                [
                    0.9182724952697754,
                    -0.24017654359340668,
                    0.3147869408130646,
                    0.17336743874290567
                ],
                [
                    0.07074351608753204,
                    0.8817465901374817,
                    0.4663885533809662,
                    0.07882794798652794
                ],
                [
                    0.0,
                    0.0,
                    0.0,
                    1.0
                ]
            ]
        },
        {
            "fl_x": 775.7025314063602,
            "fl_y": 775.7025314063602,
            "cx": 200.0,
            "cy": 200.0,
            "w": 400,
            "h": 400,
            "file_path": "./images/00014.jpg",
            "transform_matrix": [
                [
                    -0.22332949936389923,
                    -0.4638335406780243,
                    0.8573111295700073,
                    0.6710630513189865
                ],
                [
                    0.9719445109367371,
                    -0.17256568372249603,
                    0.15982778370380402,
                    0.08711532441235514
                ],
                [
                    0.07380899041891098,
                    0.8689531087875366,
                    0.48935946822166443,
                    0.08443518216410574
                ],
                [
                    0.0,
                    0.0,
                    0.0,
                    1.0
                ]
            ]
        },
        {
            "fl_x": 775.7412794476985,
            "fl_y": 775.7412794476985,
            "cx": 200.0,
            "cy": 200.0,
            "w": 400,
            "h": 400,
            "file_path": "./images/00015.jpg",
            "transform_matrix": [
                [
                    -0.07813616842031479,
                    -0.48526135087013245,
                    0.8708709478378296,
                    0.6654664821935156
                ],
                [
                    0.9935389161109924,
                    -0.110026054084301,
                    0.027834123000502586,
                    -0.01126564810415721
                ],
                [
                    0.08231166750192642,
                    0.8674190044403076,
                    0.49072304368019104,
                    0.07511774611371688
                ],
                [
                    0.0,
                    0.0,
                    0.0,
                    1.0
                ]
            ]
        },
        {
            "fl_x": 776.0097698128798,
            "fl_y": 776.0097698128798,
            "cx": 200.0,
            "cy": 200.0,
            "w": 400,
            "h": 400,
            "file_path": "./images/00016.jpg",
            "transform_matrix": [
                [
                    0.061117809265851974,
                    -0.4899233281612396,
                    0.8696204423904419,
                    0.6280268352241405
                ],
                [
                    0.9968773126602173,
                    -0.013684207573533058,
                    -0.0777709037065506,
                    -0.09875904164808244
                ],
                [
                    0.0500018484890461,
                    0.8716580867767334,
                    0.4875571131706238,
                    0.08225629172186866
                ],
                [
                    0.0,
                    0.0,
                    0.0,
                    1.0
                ]
            ]
        },
        {
            "fl_x": 776.4331913228776,
            "fl_y": 776.4331913228776,
            "cx": 200.0,
            "cy": 200.0,
            "w": 400,
            "h": 400,
            "file_path": "./images/00017.jpg",
            "transform_matrix": [
                [
                    0.17936795949935913,
                    -0.5035869479179382,
                    0.8451197147369385,
                    0.6010767651963072
                ],
                [
                    0.9816284775733948,
                    0.03480496257543564,
                    -0.18760107457637787,
                    -0.1675313938986021
                ],
                [
                    0.06505909562110901,
                    0.8632431626319885,
                    0.5005781650543213,
                    0.0943922168887248
                ],
                [
                    0.0,
                    0.0,
                    0.0,
                    1.0
                ]
            ]
        },
        {
            "fl_x": 776.5493134058186,
            "fl_y": 776.5493134058186,
            "cx": 200.0,
            "cy": 200.0,
            "w": 400,
            "h": 400,
            "file_path": "./images/00018.jpg",
            "transform_matrix": [
                [
                    0.3685864806175232,
                    -0.5210578441619873,
                    0.7698329091072083,
                    0.5726970984433305
                ],
                [
                    0.9261780977249146,
                    0.13491803407669067,
                    -0.3521239757537842,
                    -0.28569441432832426
                ],
                [
                    0.0796126052737236,
                    0.8427905440330505,
                    0.5323213338851929,
                    0.09527519279009873
                ],
                [
                    0.0,
                    0.0,
                    0.0,
                    1.0
                ]
            ]
        },
        {
            "fl_x": 776.3721707853366,
            "fl_y": 776.3721707853366,
            "cx": 200.0,
            "cy": 200.0,
            "w": 400,
            "h": 400,
            "file_path": "./images/00019.jpg",
            "transform_matrix": [
                [
                    0.497699499130249,
                    -0.49486660957336426,
                    0.7123216986656189,
                    0.5623782730453816
                ],
                [
                    0.8664074540138245,
                    0.24538694322109222,
                    -0.434883177280426,
                    -0.401430157466439
                ],
                [
                    0.0404147244989872,
                    0.8336020112037659,
                    0.5508850812911987,
                    0.11641041070556875
                ],
                [
                    0.0,
                    0.0,
                    0.0,
                    1.0
                ]
            ]
        },
        {
            "fl_x": 775.8990785577801,
            "fl_y": 775.8990785577801,
            "cx": 200.0,
            "cy": 200.0,
            "w": 400,
            "h": 400,
            "file_path": "./images/00020.jpg",
            "transform_matrix": [
                [
                    0.5911523699760437,
                    -0.47914308309555054,
                    0.6488149166107178,
                    0.532141318835801
                ],
                [
                    0.8050487637519836,
                    0.30130207538604736,
                    -0.510992705821991,
                    -0.5013915873759588
                ],
                [
                    0.04934931918978691,
                    0.8244022130966187,
                    0.5638489723205566,
                    0.13411978508389957
                ],
                [
                    0.0,
                    0.0,
                    0.0,
                    1.0
                ]
            ]
        },
        {
            "fl_x": 775.7328586135178,
            "fl_y": 775.7328586135178,
            "cx": 200.0,
            "cy": 200.0,
            "w": 400,
            "h": 400,
            "file_path": "./images/00021.jpg",
            "transform_matrix": [
                [
                    0.6853645443916321,
                    -0.4256506860256195,
                    0.5908442735671997,
                    0.4529878115229433
                ],
                [
                    0.7261050343513489,
                    0.3379559814929962,
                    -0.5987964868545532,
                    -0.586368065525967
                ],
                [
                    0.055198777467012405,
                    0.8394088745117188,
                    0.5406901240348816,
                    0.1227484500497021
                ],
                [
                    0.0,
                    0.0,
                    0.0,
                    1.0
                ]
            ]
        },
        {
            "fl_x": 775.7163220478443,
            "fl_y": 775.7163220478443,
            "cx": 200.0,
            "cy": 200.0,
            "w": 400,
            "h": 400,
            "file_path": "./images/00022.jpg",
            "transform_matrix": [
                [
                    0.7711971998214722,
                    -0.3700915277004242,
                    0.5179644227027893,
                    0.3643688674971555
                ],
                [
                    0.635776162147522,
                    0.4064772129058838,
                    -0.6561744809150696,
                    -0.6467936675326443
                ],
                [
                    0.03230387717485428,
                    0.8353493809700012,
                    0.548769474029541,
                    0.13870248232245017
                ],
                [
                    0.0,
                    0.0,
                    0.0,
                    1.0
                ]
            ]
        },
        {
            "fl_x": 775.4894476892663,
            "fl_y": 775.4894476892663,
            "cx": 200.0,
            "cy": 200.0,
            "w": 400,
            "h": 400,
            "file_path": "./images/00023.jpg",
            "transform_matrix": [
                [
                    0.8678444623947144,
                    -0.3103301525115967,
                    0.3879964351654053,
                    0.27716567684816656
                ],
                [
                    0.49356821179389954,
                    0.44908133149147034,
                    -0.7447928190231323,
                    -0.7017042935979622
                ],
                [
                    0.05688970535993576,
                    0.837867021560669,
                    0.5429018139839172,
                    0.1504631840167831
                ],
                [
                    0.0,
                    0.0,
                    0.0,
                    1.0
                ]
            ]
        },
        {
            "fl_x": 775.467297234139,
            "fl_y": 775.467297234139,
            "cx": 200.0,
            "cy": 200.0,
            "w": 400,
            "h": 400,
            "file_path": "./images/00024.jpg",
            "transform_matrix": [
                [
                    0.9389016628265381,
                    -0.25634899735450745,
                    0.22967107594013214,
                    0.17014399166974978
                ],
                [
                    0.3344636559486389,
                    0.522064208984375,
                    -0.784591019153595,
                    -0.7725231918508638
                ],
                [
                    0.08122608065605164,
                    0.8134704232215881,
                    0.5759063959121704,
                    0.16140248295659418
                ],
                [
                    0.0,
                    0.0,
                    0.0,
                    1.0
                ]
            ]
        },
        {
            "fl_x": 775.4534455721168,
            "fl_y": 775.4534455721168,
            "cx": 200.0,
            "cy": 200.0,
            "w": 400,
            "h": 400,
            "file_path": "./images/00025.jpg",
            "transform_matrix": [
                [
                    0.9800070524215698,
                    -0.16660356521606445,
                    0.10876300930976868,
                    0.091630945645631
                ],
                [
                    0.18623162806034088,
                    0.5757086277008057,
                    -0.7961641550064087,
                    -0.8066857524631779
                ],
                [
                    0.07002799212932587,
                    0.8005016446113586,
                    0.5952253341674805,
                    0.17905295967692328
                ],
                [
                    0.0,
                    0.0,
                    0.0,
                    1.0
                ]
            ]
        },
        {
            "fl_x": 775.5503461857322,
            "fl_y": 775.5503461857322,
            "cx": 200.0,
            "cy": 200.0,
            "w": 400,
            "h": 400,
            "file_path": "./images/00026.jpg",
            "transform_matrix": [
                [
                    0.9917868375778198,
                    -0.12557078897953033,
                    0.024308402091264725,
                    0.015169672052976006
                ],
                [
                    0.09408213943243027,
                    0.5874910354614258,
                    -0.8037430047988892,
                    -0.8108506582790141
                ],
                [
                    0.08664567768573761,
                    0.7994287014007568,
                    0.5944798588752747,
                    0.17452117975894152
                ],
                [
                    0.0,
                    0.0,
                    0.0,
                    1.0
                ]
            ]
        },
        {
            "fl_x": 775.6084377374716,
            "fl_y": 775.6084377374716,
            "cx": 200.0,
            "cy": 200.0,
            "w": 400,
            "h": 400,
            "file_path": "./images/00027.jpg",
            "transform_matrix": [
                [
                    0.9949483275413513,
                    -0.03303215652704239,
                    -0.09479834139347076,
                    -0.1085376070822814
                ],
                [
                    -0.05706585943698883,
                    0.5908046364784241,
                    -0.8047939538955688,
                    -0.8049319602959636
                ],
                [
                    0.08259138464927673,
                    0.8061381578445435,
                    0.585935115814209,
                    0.18810956324187592
                ],
                [
                    0.0,
                    0.0,
                    0.0,
                    1.0
                ]
            ]
        },
        {
            "fl_x": 775.4922546339934,
            "fl_y": 775.4922546339934,
            "cx": 200.0,
            "cy": 200.0,
            "w": 400,
            "h": 400,
            "file_path": "./images/00028.jpg",
            "transform_matrix": [
                [
                    0.9768298268318176,
                    0.0015489199431613088,
                    -0.21401190757751465,
                    -0.22532107165418497
                ],
                [
                    -0.17202618718147278,
                    0.6005734205245972,
                    -0.7808447480201721,
                    -0.810365896602629
                ],
                [
                    0.12732039391994476,
                    0.7995681166648865,
                    0.5869244933128357,
                    0.19397870010043006
                ],
                [
                    0.0,
                    0.0,
                    0.0,
                    1.0
                ]
            ]
        },
        {
            "fl_x": 775.5476002615428,
            "fl_y": 775.5476002615428,
            "cx": 200.0,
            "cy": 200.0,
            "w": 400,
            "h": 400,
            "file_path": "./images/00029.jpg",
            "transform_matrix": [
                [
                    0.889977753162384,
                    0.20872579514980316,
                    -0.40542957186698914,
                    -0.4055841441746511
                ],
                [
                    -0.4479668438434601,
                    0.5663778781890869,
                    -0.691767156124115,
                    -0.8177263324947093
                ],
                [
                    0.08523666858673096,
                    0.7972763776779175,
                    0.5975659489631653,
                    0.16924991317437607
                ],
                [
                    0.0,
                    0.0,
                    0.0,
                    1.0
                ]
            ]
        },
        {
            "fl_x": 775.4700431583285,
            "fl_y": 775.4700431583285,
            "cx": 200.0,
            "cy": 200.0,
            "w": 400,
            "h": 400,
            "file_path": "./images/00030.jpg",
            "transform_matrix": [
                [
                    0.8067290186882019,
                    0.2740556299686432,
                    -0.5235282182693481,
                    -0.5235897351500904
                ],
                [
                    -0.5863575339317322,
                    0.48115140199661255,
                    -0.6516733765602112,
                    -0.7500825936994947
                ],
                [
                    0.07330159097909927,
                    0.8326985239982605,
                    0.54885333776474,
                    0.1470708671226856
                ],
                [
                    0.0,
                    0.0,
                    0.0,
                    1.0
                ]
            ]
        },
        {
            "fl_x": 775.6416939304314,
            "fl_y": 775.6416939304314,
            "cx": 200.0,
            "cy": 200.0,
            "w": 400,
            "h": 400,
            "file_path": "./images/00031.jpg",
            "transform_matrix": [
                [
                    0.7007606029510498,
                    0.31709933280944824,
                    -0.6390482187271118,
                    -0.6503695272294184
                ],
                [
                    -0.7034432291984558,
                    0.4562501311302185,
                    -0.5449802279472351,
                    -0.6666694867171463
                ],
                [
                    0.11875296384096146,
                    0.8314347863197327,
                    0.5427834987640381,
                    0.16281375719602462
                ],
                [
                    0.0,
                    0.0,
                    0.0,
                    1.0
                ]
            ]
        },
        {
            "fl_x": 775.5144050891206,
            "fl_y": 775.5144050891206,
            "cx": 200.0,
            "cy": 200.0,
            "w": 400,
            "h": 400,
            "file_path": "./images/00032.jpg",
            "transform_matrix": [
                [
                    0.028045564889907837,
                    0.4795590043067932,
                    -0.8770613670349121,
                    -0.9209454418959339
                ],
                [
                    -0.9947103261947632,
                    0.10012584179639816,
                    0.02293914183974266,
                    -0.16384217154870706
                ],
                [
                    0.09881717711687088,
                    0.8717786073684692,
                    0.4798303544521332,
                    0.19469311097840963
                ],
                [
                    0.0,
                    0.0,
                    0.0,
                    1.0
                ]
            ]
        },
        {
            "fl_x": 775.2127805720548,
            "fl_y": 775.2127805720548,
            "cx": 200.0,
            "cy": 200.0,
            "w": 400,
            "h": 400,
            "file_path": "./images/00033.jpg",
            "transform_matrix": [
                [
                    -0.1053367555141449,
                    0.4890625774860382,
                    -0.8658648729324341,
                    -0.9409914590746113
                ],
                [
                    -0.9875467419624329,
                    0.05087222903966904,
                    0.14887389540672302,
                    -0.0633809603219458
                ],
                [
                    0.1168571189045906,
                    0.8707639575004578,
                    0.4776134192943573,
                    0.19724451250102512
                ],
                [
                    0.0,
                    0.0,
                    0.0,
                    1.0
                ]
            ]
        },
        {
            "fl_x": 775.2265712135392,
            "fl_y": 775.2265712135392,
            "cx": 200.0,
            "cy": 200.0,
            "w": 400,
            "h": 400,
            "file_path": "./images/00034.jpg",
            "transform_matrix": [
                [
                    -0.27058273553848267,
                    0.5543012022972107,
                    -0.7871055603027344,
                    -0.9725561015616087
                ],
                [
                    -0.9543877840042114,
                    -0.04726298525929451,
                    0.2948053479194641,
                    0.06299474068274628
                ],
                [
                    0.12621000409126282,
                    0.8309731483459473,
                    0.5418068170547485,
                    0.2239783292231629
                ],
                [
                    0.0,
                    0.0,
                    0.0,
                    1.0
                ]
            ]
        },
        {
            "fl_x": 774.9802923240227,
            "fl_y": 774.9802923240227,
            "cx": 200.0,
            "cy": 200.0,
            "w": 400,
            "h": 400,
            "file_path": "./images/00035.jpg",
            "transform_matrix": [
                [
                    -0.3645919859409332,
                    0.5496199131011963,
                    -0.75165855884552,
                    -0.95141826351223
                ],
                [
                    -0.9207025170326233,
                    -0.09210098534822464,
                    0.3792416751384735,
                    0.15190046020999484
                ],
                [
                    0.1392102837562561,
                    0.8303224444389343,
                    0.5396157503128052,
                    0.2279747714996647
                ],
                [
                    0.0,
                    0.0,
                    0.0,
                    1.0
                ]
            ]
        },
        {
            "fl_x": 774.7339524139694,
            "fl_y": 774.7339524139694,
            "cx": 200.0,
            "cy": 200.0,
            "w": 400,
            "h": 400,
            "file_path": "./images/00036.jpg",
            "transform_matrix": [
                [
                    -0.5109063386917114,
                    0.4909033179283142,
                    -0.7056831121444702,
                    -0.8588628819667768
                ],
                [
                    -0.8548350930213928,
                    -0.20348727703094482,
                    0.47733622789382935,
                    0.305146464771486
                ],
                [
                    0.09072840213775635,
                    0.8471167683601379,
                    0.5236043334007263,
                    0.24203105185340354
                ],
                [
                    0.0,
                    0.0,
                    0.0,
                    1.0
                ]
            ]
        },
        {
            "fl_x": 774.6869055795252,
            "fl_y": 774.6869055795252,
            "cx": 200.0,
            "cy": 200.0,
            "w": 400,
            "h": 400,
            "file_path": "./images/00037.jpg",
            "transform_matrix": [
                [
                    -0.5698873996734619,
                    0.49740785360336304,
                    -0.6540747880935669,
                    -0.8077279795736322
                ],
                [
                    -0.8081381916999817,
                    -0.19512617588043213,
                    0.5557323098182678,
                    0.37946931238430925
                ],
                [
                    0.14879852533340454,
                    0.8452876210212708,
                    0.5131742358207703,
                    0.2467465179196958
                ],
                [
                    0.0,
                    0.0,
                    0.0,
                    1.0
                ]
            ]
        },
        {
            "fl_x": 774.6924584484416,
            "fl_y": 774.6924584484416,
            "cx": 200.0,
            "cy": 200.0,
            "w": 400,
            "h": 400,
            "file_path": "./images/00038.jpg",
            "transform_matrix": [
                [
                    -0.6979155540466309,
                    0.45135223865509033,
                    -0.5560530424118042,
                    -0.7285972784967678
                ],
                [
                    -0.7030068039894104,
                    -0.2835206687450409,
                    0.6522250175476074,
                    0.48137563817154577
                ],
                [
                    0.13673068583011627,
                    0.8461070656776428,
                    0.5151771903038025,
                    0.23517126450598516
                ],
                [
                    0.0,
                    0.0,
                    0.0,
                    1.0
                ]
            ]
        },
        {
            "fl_x": 774.5900049659097,
            "fl_y": 774.5900049659097,
            "cx": 200.0,
            "cy": 200.0,
            "w": 400,
            "h": 400,
