{"default_fov": 75.0, "default_transition_sec": 0.2, "keyframes": [{"matrix": [-0.15328608207819627, -0.4114611274848332, 0.8984448328139163, 0.8759231439454481, 0.9879206521088455, -0.08471179594999723, 0.12975629758805268, -0.0705992861074408, 0.022719202845824293, 0.9074820395995922, 0.4194760846892402, -0.0661814421531999, 0.0, 0.0, 0.0, 1.0], "fov": 75.0, "aspect": 1.7777777777777777, "override_transition_enabled": false, "override_transition_sec": null}, {"matrix": [0.33810998150240557, -0.3916630030707063, 0.8557346156572603, 0.8319454697222163, 0.9409058526323648, 0.12190189001322271, -0.3159685200987069, -0.5295513151626884, 0.019437512459307416, 0.9119978186579397, 0.4097342576262743, -0.0762123650900404, 0.0, 0.0, 0.0, 1.0], "fov": 75.0, "aspect": 1.7777777777777777, "override_transition_enabled": false, "override_transition_sec": null}, {"matrix": [0.8347722381440255, -0.22742686342625446, 0.5014302864966478, 0.46712689934232515, 0.550530142326294, 0.3307444201801749, -0.7665015922422276, -0.9934542871575662, 0.008477783566766983, 0.9159067366887175, 0.4013016033783311, -0.0848952645469299, 0.0, 0.0, 0.0, 1.0], "fov": 75.0, "aspect": 1.7777777777777777, "override_transition_enabled": false, "override_transition_sec": null}, {"matrix": [0.9971849645016045, 0.03559885642122909, -0.06599142363545742, -0.11713346683307188, -0.0747243314536652, 0.3990588795636443, -0.9138754209027682, -1.1452015424358863, -0.006198456318832521, 0.9162339941646509, 0.400595615398314, -0.08562220323883145, 0.0, 0.0, 0.0, 1.0], "fov": 75.0, "aspect": 1.7777777777777777, "override_transition_enabled": false, "override_transition_sec": null}, {"matrix": [0.7598865878661409, 0.27750279328548416, -0.5878474064754454, -0.6544759092890144, -0.6498080879170502, 0.29930924535246195, -0.6986869288344579, -0.9236271738004476, -0.017939410769050812, 0.9129108255274956, 0.40776464066415286, -0.07824043188227946, 0.0, 0.0, 0.0, 1.0], "fov": 75.0, "aspect": 1.7777777777777777, "override_transition_enabled": false, "override_transition_sec": null}, {"matrix": [0.2663141180423414, 0.40948915919296036, -0.8725797493838442, -0.9476578936211066, -0.9636191662676892, 0.09179584304252986, -0.2510211656448018, -0.4626766002587983, -0.02269125234299718, 0.9076850509419849, 0.41903813115700195, -0.06663239227820093, 0.0, 0.0, 0.0, 1.0], "fov": 75.0, "aspect": 1.7777777777777777, "override_transition_enabled": false, "override_transition_sec": null}, {"matrix": [-0.3689192088527399, 0.39501133194583754, -0.841346934964313, -0.9154982224918602, -0.9292664696610422, -0.1752949125826304, 0.3251699893691781, 0.13061345051686893, -0.01903800680670037, 0.9017969512351565, 0.43174044637930875, -0.05355312652128792, 0.0, 0.0, 0.0, 1.0], "fov": 75.0, "aspect": 1.7777777777777777, "override_transition_enabled": false, "override_transition_sec": null}, {"matrix": [-0.8766156887331314, 0.206483015973372, -0.4346374332492283, -0.49671931756813786, -0.4811439444228748, -0.3887793365940695, 0.7857169542415847, 0.604827484862988, -0.006740846544369822, 0.897894978019153, 0.44015811867538013, -0.04488565361669496, 0.0, 0.0, 0.0, 1.0], "fov": 75.0, "aspect": 1.7777777777777777, "override_transition_enabled": false, "override_transition_sec": null}, {"matrix": [-0.9972261945972504, -0.027121119064116246, 0.06931350308416032, 0.02218673297411171, 0.07417308013005236, -0.43951471484787175, 0.8951676768160339, 0.7175262380259947, 0.006186355397865793, 0.8978258518960704, 0.44030724349479755, -0.04473210340872262, 0.0, 0.0, 0.0, 1.0], "fov": 75.0, "aspect": 1.7777777777777777, "override_transition_enabled": false, "override_transition_sec": null}, {"matrix": [-0.8185621488233028, -0.2374459743825519, 0.5230443745642409, 0.4893824013497806, 0.5741803635053973, -0.36441518867129474, 0.7331565183714013, 0.5507072794505048, 0.016520250560670413, 0.9004559842186544, 0.4346332957864909, -0.05057442968302718, 0.0, 0.0, 0.0, 1.0], "fov": 75.0, "aspect": 1.7777777777777777, "override_transition_enabled": false, "override_transition_sec": null}, {"matrix": [0.33354669496018635, -0.338918292757815, 0.8797050602987712, 0.6811238929246476, 0.9417939117607195, 0.16144560971327776, -0.2948890348499763, -0.5803882579378538, -0.04208123158343724, 0.926860132888688, 0.3730408342393431, -0.15611626359174313, 0.0, 0.0, 0.0, 1.0], "fov": 75.0, "aspect": 1.7777777777777777, "override_transition_enabled": false, "override_transition_sec": null}, {"matrix": [0.9259627887571731, 0.28758096317173115, -0.24472454608857336, -0.48261815564262245, -0.37381689146995795, 0.6064109240365689, -0.7018024813726811, -0.9884838053558799, -0.05342139542146486, 0.7413251518937787, 0.6690165720525085, 0.049236499755287697, 0.0, 0.0, 0.0, 1.0], "fov": 75.0, "aspect": 1.7777777777777777, "override_transition_enabled": false, "override_transition_sec": null}, {"matrix": [-0.18257132552991995, 0.6180913984581582, -0.7646114923582343, -1.0336886302217139, -0.9831757692538998, -0.11022094468084354, 0.14565970652745697, -0.1471856229382858, 0.005754810705006663, 0.7783407778766963, 0.6278156701198601, 0.0412104696932044, 0.0, 0.0, 0.0, 1.0], "fov": 75.0, "aspect": 1.7777777777777777, "override_transition_enabled": false, "override_transition_sec": null}, {"matrix": [-0.8737817946664008, -0.20078989566522895, 0.4429320411850002, 0.32131595245870337, 0.48363633340958545, -0.45429430602888166, 0.7481394124866496, 0.6531927902121273, 0.0510026696918556, 0.8679286268515882, 0.4940633829538676, 0.019218892606448608, 0.0, 0.0, 0.0, 1.0], "fov": 75.0, "aspect": 1.7777777777777777, "override_transition_enabled": false, "override_transition_sec": null}], "camera_type": "perspective", "render_height": 1080.0, "render_width": 1920.0, "fps": 30.0, "seconds": 2.8000000000000003, "is_cycle": false, "smoothness_value": 0.0, "camera_path": [{"camera_to_world": [-0.15328608207819627, -0.4114611274848332, 0.8984448328139163, 0.8759231439454481, 0.9879206521088455, -0.08471179594999723, 0.12975629758805268, -0.0705992861074408, 0.022719202845824293, 0.9074820395995922, 0.4194760846892402, -0.0661814421531999, 0.0, 0.0, 0.0, 1.0], "fov": 75.0, "aspect": 1.7777777777777777}, {"camera_to_world": [-0.05055840099618347, -0.41589354768120074, 0.9080068309687179, 0.8812332438727338, 0.9984679095210207, -0.04151951207940996, 0.0365781871258089, -0.14144060994378704, 0.02248736857509298, 0.9084650170005626, 0.41735552127740616, -0.06778475337042869, 0.0, 0.0, 0.0, 1.0], "fov": 75.0, "aspect": 1.7777777777777777}, {"camera_to_world": [0.03253224818237499, -0.4162087933391892, 0.9086869060217257, 0.8847594328203663, 0.9992257340840207, -0.006583369373707293, -0.03878906536563581, -0.21230946157218047, 0.022126571637978487, 0.9092452362233334, 0.41567236525023404, -0.06938056942754692, 0.0, 0.0, 0.0, 1.0], "fov": 75.0, "aspect": 1.7777777777777777}, {"camera_to_world": [0.10242934398813563, -0.41421936030231066, 0.9043951299298914, 0.8847177998086927, 0.9945034860881786, 0.022805664301811968, -0.1021896170567887, -0.2832333687846683, 0.02170358607742645, 0.9098913249539737, 0.41427856705951144, -0.070961395164444, 0.0, 0.0, 0.0, 1.0], "fov": 75.0, "aspect": 1.7777777777777777}, {"camera_to_world": [0.16601010343216527, -0.410595691661633, 0.8965778402053818, 0.8793244338580599, 0.9858956551096413, 0.049539105802112515, -0.15986129685530054, -0.35423985937329777, 0.02122269526646381, 0.9104707875518205, 0.41302850049408757, -0.07251973542100934, 0.0, 0.0, 0.0, 1.0], "fov": 75.0, "aspect": 1.7777777777777777}, {"camera_to_world": [0.2301239471601595, -0.40514404681197097, 0.8848170829477964, 0.8667954239888154, 0.9729423701179214, 0.07649687228440694, -0.21801690980294397, -0.42535646113011616, 0.02064251372168613, 0.9110469416355683, 0.41178557133989935, -0.07404809503713237, 0.0, 0.0, 0.0, 1.0], "fov": 75.0, "aspect": 1.7777777777777777}, {"camera_to_world": [0.3012716365941569, -0.3968913452750864, 0.8670136452384187, 0.8453468592213053, 0.9533310597102347, 0.10641236308034219, -0.282553180083712, -0.4966107018471706, 0.01988194094245649, 0.9116762961870786, 0.410427873559985, -0.07553897885270254, 0.0, 0.0, 0.0, 1.0], "fov": 75.0, "aspect": 1.7777777777777777}, {"camera_to_world": [0.3833174149339468, -0.3843073736620388, 0.8398664191151723, 0.8134755217821983, 0.9234244560167593, 0.14091048729343325, -0.3569755014015379, -0.569030107038473, 0.018842331026404813, 0.9123881175901587, 0.40889227119349936, -0.0770084592604898, 0.0, 0.0, 0.0, 1.0], "fov": 75.0, "aspect": 1.7777777777777777}, {"camera_to_world": [0.4685770782028068, -0.36740320117412184, 0.8033992840113366, 0.7719953115332198, 0.8832480947693798, 0.1767603544703199, -0.4343139189270676, -0.6464035549975502, 0.01755918190523753, 0.9131104340957531, 0.40733402788900924, -0.07854469642387125, 0.0, 0.0, 0.0, 1.0], "fov": 75.0, "aspect": 1.7777777777777777}, {"camera_to_world": [0.55328644091901, -0.34619347670351824, 0.7576438417773259, 0.72213666598955, 0.8328364184332229, 0.2123792791233663, -0.5111541273729101, -0.7260656127813229, 0.016050371537654373, 0.9138080315290351, 0.4058291106938158, -0.08009386626917611, 0.0, 0.0, 0.0, 1.0], "fov": 75.0, "aspect": 1.7777777777777777}, {"camera_to_world": [0.6348601308678462, -0.32080647470563717, 0.7028768171033972, 0.6650271656474909, 0.7724941022193148, 0.24668020638503818, -0.5851510384628997, -0.8044899839689913, 0.014334443513300654, 0.9144572606550709, 0.4044285377719871, -0.08158248706750482, 0.0, 0.0, 0.0, 1.0], "fov": 75.0, "aspect": 1.7777777777777777}, {"camera_to_world": [0.7109269622364283, -0.2916354506652298, 0.6399465745517923, 0.6017943910033452, 0.7031557621609957, 0.2786661110572021, -0.6541537836686755, -0.8781503721397552, 0.012443010289853673, 0.9150376836303209, 0.40317639939781097, -0.08293707708995782, 0.0, 0.0, 0.0, 1.0], "fov": 75.0, "aspect": 1.7777777777777777}, {"camera_to_world": [0.7794799026112965, -0.2593195480913566, 0.5702319294837657, 0.5335659225534148, 0.6263405819618738, 0.30749305445254393, -0.7163417458525688, -0.9435204808728145, 0.010419060070130659, 0.9155333928596704, 0.40210701280394945, -0.08408415460763559, 0.0, 0.0, 0.0, 1.0], "fov": 75.0, "aspect": 1.7777777777777777}, {"camera_to_world": [0.8390123280215726, -0.2247002852141609, 0.4955482774185539, 0.46144341994628546, 0.5440488859483201, 0.33252747840059155, -0.7703481588262128, -0.9971010346856181, 0.008314031886705125, 0.9159340903870862, 0.40124259362705744, -0.08495072241077437, 0.0, 0.0, 0.0, 1.0], "fov": 75.0, "aspect": 1.7777777777777777}, {"camera_to_world": [0.8897478300234983, -0.18783257816574342, 0.41601408816058827, 0.3819063181193202, 0.456411244684818, 0.3538633883231768, -0.8163758191725768, -1.0411309154388664, 0.006129820040673334, 0.9162421213762498, 0.4005780826782944, -0.08557068620244813, 0.0, 0.0, 0.0, 1.0], "fov": 75.0, "aspect": 1.7777777777777777}, {"camera_to_world": [0.9316631496698229, -0.14866386040166382, 0.33151596063806604, 0.29392348786428585, 0.363302693390984, 0.3714910101206357, -0.8544036413630307, -1.078416777347595, 0.0038637445777188195, 0.9164570290035559, 0.4001144654568412, -0.08600192407932172, 0.0, 0.0, 0.0, 1.0], "fov": 75.0, "aspect": 1.7777777777777777}, {"camera_to_world": [0.9639658757033625, -0.10774025765745422, 0.2432320442691607, 0.2004569083669534, 0.266021414746485, 0.3850771123875083, -0.8837127499428631, -1.1082784419511604, 0.0015483461267424559, 0.9165738673970604, 0.3998624116231333, -0.08624273743546818, 0.0, 0.0, 0.0, 1.0], "fov": 75.0, "aspect": 1.7777777777777777}, {"camera_to_world": [0.98612635104081, -0.06566215406640874, 0.15245753935537693, 0.10446855881309362, 0.16599460238021727, 0.39439893546456267, -0.9038225886118654, -1.1300357307889204, -0.000782153163174662, 0.9165903999212401, 0.3998267462397312, -0.08629142766496056, 0.0, 0.0, 0.0, 1.0], "fov": 75.0, "aspect": 1.7777777777777777}, {"camera_to_world": [0.9978983886082625, -0.023061419151165132, 0.06055556918870045, 0.008920418388476958, 0.06472432643755581, 0.39935290389553807, -0.9145097154855196, -1.143008465400232, -0.0030931505359303724, 0.9165071898773821, 0.4000062541046411, -0.08614629616187194, 0.0, 0.0, 0.0, 1.0], "fov": 75.0, "aspect": 1.7777777777777777}, {"camera_to_world": [0.9993277099286896, 0.019422691914366207, -0.0310948099765928, -0.08322553372112514, -0.03626975602870855, 0.3999581769442213, -0.9158154625758799, -1.1465164673244528, -0.005350978069359051, 0.9163275701048477, 0.40039374533007716, -0.08580564432027536, 0.0, 0.0, 0.0, 1.0], "fov": 75.0, "aspect": 1.7777777777777777}, {"camera_to_world": [0.9907127429047518, 0.061274991740076896, -0.12138219158260706, -0.1711396758944658, -0.1357628992237387, 0.39634017899991447, -0.9080104061654142, -1.1396337645374786, -0.007529690598437236, 0.9160566783215813, 0.40097813638890906, -0.08525260170383728, 0.0, 0.0, 0.0, 1.0], "fov": 75.0, "aspect": 1.7777777777777777}, {"camera_to_world": [0.9723201819795538, 0.10236889867486175, -0.21003350280215605, -0.26049050469585916, -0.23345416326176427, 0.3886110312040833, -0.8913364236259218, -1.1216675067609523, -0.009623791924024044, 0.9156975892785757, 0.4017527941637845, -0.08444595723702675, 0.0, 0.0, 0.0, 1.0], "fov": 75.0, "aspect": 1.7777777777777777}, {"camera_to_world": [0.944486418983873, 0.1422844519297955, -0.2961427680934614, -0.3498986418830232, -0.3283451734172802, 0.3769121298488151, -0.8660985472025722, -1.093957690538494, -0.011612555644479855, 0.9152553638804133, 0.4027068008359633, -0.08342185172085713, 0.0, 0.0, 0.0, 1.0], "fov": 75.0, "aspect": 1.7777777777777777}, {"camera_to_world": [0.9076966255704068, 0.18059035820934127, -0.378779564456583, -0.4371707067056018, -0.4194105999957625, 0.36144742582802963, -0.8327367573089862, -1.0579938186517261, -0.013475330767421023, 0.9147365089926786, 0.4038261192352419, -0.08222345876966188, 0.0, 0.0, 0.0, 1.0], "fov": 75.0, "aspect": 1.7777777777777777}, {"camera_to_world": [0.8625682161953618, 0.21689212377134814, -0.45709285605389394, -0.5201133184132372, -0.5057125806726422, 0.3424764763812205, -0.7918109931510926, -1.0152653938822722, -0.015194017209674865, 0.9141486037682591, 0.4050943989610009, -0.08089395199777448, 0.0, 0.0, 0.0, 1.0], "fov": 75.0, "aspect": 1.7777777777777777}, {"camera_to_world": [0.8098345470993511, 0.2508397741297416, -0.5303276478168277, -0.5965330962555734, -0.5864190736028787, 0.3203075919722771, -0.7439863685845749, -0.9672619190117535, -0.016753400822831443, 0.9135001117895178, 0.40649338164527116, -0.07947650501952844, 0.0, 0.0, 0.0, 1.0], "fov": 75.0, "aspect": 1.7777777777777777}, {"camera_to_world": [0.7503403902512781, 0.2821273640133677, -0.5978239282869402, -0.6643163610403353, -0.6608026929419936, 0.2952959332208215, -0.6900290666514375, -0.9154044096251358, -0.018141106861744916, 0.912800340873136, 0.4080029876651859, -0.07801240246775329, 0.0, 0.0, 0.0, 1.0], "fov": 75.0, "aspect": 1.7777777777777777}, {"camera_to_world": [0.6856460742433182, 0.31025636359442665, -0.6585062260327452, -0.7258002218981494, -0.7276781638421428, 0.2680975031488948, -0.6313542735047064, -0.8574690279554209, -0.01933780602999069, 0.9120661805233714, 0.40958678152920813, -0.07644144782744645, 0.0, 0.0, 0.0, 1.0], "fov": 75.0, "aspect": 1.7777777777777777}, {"camera_to_world": [0.6165682266610013, 0.3352238738241812, -0.7123682869769103, -0.7823388882037502, -0.7870385119109006, 0.2390556595208676, -0.5687027100516742, -0.7926100154734698, -0.020347054852816238, 0.9113052979486911, 0.4112282228756484, -0.0747386321123232, 0.0, 0.0, 0.0, 1.0], "fov": 75.0, "aspect": 1.7777777777777777}, {"camera_to_world": [0.5431626263311944, 0.3572303842606171, -0.759842624441411, -0.8330296070287773, -0.8393603399880052, 0.2081938753269087, -0.5021250142460381, -0.7220176443422622, -0.021179731164953863, 0.9105173050729873, 0.4129281488956703, -0.07293459200181558, 0.0, 0.0, 0.0, 1.0], "fov": 75.0, "aspect": 1.7777777777777777}, {"camera_to_world": [0.46525764414783144, 0.3763861700079902, -0.8011671333677677, -0.8769696254448691, -0.8849058140249055, 0.17543999880870964, -0.431465534107789, -0.6468821867247797, -0.02184089894966379, 0.9097000922527801, 0.41469111069367537, -0.07105996417535569, 0.0, 0.0, 0.0, 1.0], "fov": 75.0, "aspect": 1.7777777777777777}, {"camera_to_world": [0.3825194007434495, 0.39269234072333825, -0.8363442076036025, -0.9132561905236644, -0.923677605738709, 0.14065364764087918, -0.356421424807939, -0.5683939147840035, -0.022329100109009514, 0.9088505250823928, 0.416523870079232, -0.06914538531237564, 0.0, 0.0, 0.0, 1.0], "fov": 75.0, "aspect": 1.7777777777777777}, {"camera_to_world": [0.2945196879746589, 0.40602334533998935, -0.8651029975871274, -0.940986549336802, -0.9553772955508688, 0.10365476532898632, -0.27660425298700814, -0.4877431006829136, -0.022635735932757473, 0.9079651604899368, 0.41843385474321504, -0.06722149209230747, 0.0, 0.0, 0.0, 1.0], "fov": 75.0, "aspect": 1.7777777777777777}, {"camera_to_world": [0.20133801904080573, 0.41606488787328494, -0.886765476982339, -0.9600878735455278, -0.9792577236076716, 0.0644767520472902, -0.1920860723742187, -0.4041513637716537, -0.02274451238091152, 0.9070461716607504, 0.4204163765032606, -0.06527126412414377, 0.0, 0.0, 0.0, 1.0], "fov": 75.0, "aspect": 1.7777777777777777}, {"camera_to_world": [0.10475679538159943, 0.42236326106027433, -0.9003528694505887, -0.9722323379890279, -0.9942401458249026, 0.023868987786829443, -0.10448350995305017, -0.3137179712346073, -0.022639484346040795, 0.9061123258893256, 0.422430948937199, -0.06320014651085859, 0.0, 0.0, 0.0, 1.0], "fov": 75.0, "aspect": 1.7777777777777777}, {"camera_to_world": [0.005832521116610145, 0.42467010000260497, -0.9053293808670972, -0.9768989656916929, -0.9997340363298657, -0.01772433640620552, -0.014754812860703959, -0.21882451574786083, -0.022312290357985043, 0.9051746538998633, 0.4244537756178449, -0.061063597130149326, 0.0, 0.0, 0.0, 1.0], "fov": 75.0, "aspect": 1.7777777777777777}, {"camera_to_world": [-0.09437138269351175, 0.4228003068088642, -0.9012957021371204, -0.9734063363850692, -0.9952992683650441, -0.05985611479104891, 0.076135483935735, -0.12226679338962113, -0.021757953040728473, 0.9042439638086897, 0.4264615403468716, -0.05892703645878515, 0.0, 0.0, 0.0, 1.0], "fov": 75.0, "aspect": 1.7777777777777777}, {"camera_to_world": [-0.19471781892634488, 0.41662738237685853, -0.8879789385150834, -0.9610730298007031, -0.9806350101300569, -0.10204825796144534, 0.1671560048405608, -0.026840600238092472, -0.020974935036621123, 0.9033314880490114, 0.42843001155307525, -0.056855884973535165, 0.0, 0.0, 0.0, 1.0], "fov": 75.0, "aspect": 1.7777777777777777}, {"camera_to_world": [-0.2940161369468095, 0.4060885510890738, -0.8652436650384976, -0.9392176256701401, -0.9555919093661, -0.1438001530246411, 0.2572267846553723, 0.06465826762852044, -0.019965319154135963, 0.9024486714846814, 0.43033449939158613, -0.05491556315116849, 0.0, 0.0, 0.0, 1.0], "fov": 75.0, "aspect": 1.7777777777777777}, {"camera_to_world": [-0.39114018815457774, 0.3911714353535517, -0.8330631797011819, -0.9070229931607621, -0.9201404277176713, -0.18463830241631563, 0.3453263537009042, 0.14974917697513737, -0.018733565862973256, 0.9016061254473948, 0.432152112184812, -0.053165082825575624, 0.0, 0.0, 0.0, 1.0], "fov": 75.0, "aspect": 1.7777777777777777}, {"camera_to_world": [-0.48679782543113614, 0.37148212204381753, -0.7905876992195993, -0.8613309857627682, -0.8733442173326118, -0.22486036883347305, 0.4320968555541247, 0.2336806756895001, -0.01725558481201872, 0.9007990050671109, 0.4338933017031934, -0.05150180031903293, 0.0, 0.0, 0.0, 1.0], "fov": 75.0, "aspect": 1.7777777777777777}, {"camera_to_world": [-0.5791093082411501, 0.3469780153838808, -0.7377253323214, -0.8034381757594119, -0.8151018281566234, -0.26367600359301735, 0.5158332820446404, 0.31724875076833275, -0.01553765890303438, 0.9000451221852593, 0.43551964271010135, -0.049902078128193875, 0.0, 0.0, 0.0, 1.0], "fov": 75.0, "aspect": 1.7777777777777777}, {"camera_to_world": [-0.6651975901951501, 0.3181345472577849, -0.6755017215667554, -0.7365304187433113, -0.7465431766585603, -0.29987547976506845, 0.5939259061703037, 0.3977574237907202, -0.013618053572801048, 0.8993692825957282, 0.43697762201299706, -0.04841153284718264, 0.0, 0.0, 0.0, 1.0], "fov": 75.0, "aspect": 1.7777777777777777}, {"camera_to_world": [-0.7426572553469133, 0.28575268544344457, -0.6056447835509267, -0.6637935703070869, -0.669572098649794, -0.3324473385070501, 0.6641927219032808, 0.4725107163357441, -0.01155014243633068, 0.8987903926285807, 0.438226453250214, -0.04707578107012343, 0.0, 0.0, 0.0, 1.0], "fov": 75.0, "aspect": 1.7777777777777777}, {"camera_to_world": [-0.8097294505802856, 0.2509007779642618, -0.5304592505366242, -0.5884134860433565, -0.5867281180268242, -0.3606519467728362, 0.7250381292081571, 0.5388126499824899, -0.00939853071761354, 0.8983200837707523, 0.4392410439775164, -0.045940439391140446, 0.0, 0.0, 0.0, 1.0], "fov": 75.0, "aspect": 1.7777777777777777}, {"camera_to_world": [-0.8654177197395533, 0.21483562841612058, -0.4526564073597571, -0.5135760215447401, -0.5009988369151784, -0.38407020875756503, 0.7755580185611898, 0.5939672463100402, -0.007234346579356871, 0.8979619855583926, 0.4400135642472842, -0.04505112440435787, 0.0, 0.0, 0.0, 1.0], "fov": 75.0, "aspect": 1.7777777777777777}, {"camera_to_world": [-0.9098529170981555, 0.1786152559402912, -0.37451870392993986, -0.4392473617634818, -0.41489941653402135, -0.40275703610744196, 0.8158708500894476, 0.6366891357973635, -0.005113062458673434, 0.8977100646708454, 0.4405570296578645, -0.04443664289786662, 0.0, 0.0, 0.0, 1.0], "fov": 75.0, "aspect": 1.7777777777777777}, {"camera_to_world": [-0.9444492524319662, 0.1423293817719762, -0.2962396946141874, -0.36045913450925415, -0.3286432875391758, -0.41730703634046973, 0.8472593622829885, 0.6693948151460807, -0.0030330077715957915, 0.897550658461761, 0.44090091444531687, -0.04406571086563008, 0.0, 0.0, 0.0, 1.0], "fov": 75.0, "aspect": 1.7777777777777777}, {"camera_to_world": [-0.9701447125316066, 0.10610175668548083, -0.2180863452287219, -0.2786233268571621, -0.2425247281760694, -0.4281145814980265, 0.8705743284360579, 0.6930910483459316, -0.000996478845679924, 0.8974744131935042, 0.4410653972971418, -0.043909467605115333, 0.0, 0.0, 0.0, 1.0], "fov": 75.0, "aspect": 1.7777777777777777}, {"camera_to_world": [-0.9876544654169759, 0.0699749546670782, -0.14015050003923796, -0.19542840580866222, -0.15664501875549347, -0.43548036578354377, 0.8864644319520791, 0.7086896665642607, 0.0009975174179900764, 0.8974744323580319, 0.44106535595377405, -0.04393991188366873, 0.0, 0.0, 0.0, 1.0], "fov": 75.0, "aspect": 1.7777777777777777}, {"camera_to_world": [-0.997476112112768, 0.03392257040747168, -0.06237519524095535, -0.1125628383652126, -0.07094143835121697, -0.43961361248115083, 0.8953810272983973, 0.7171025009684114, 0.002952641030950748, 0.8975461720369726, 0.44091059294682344, -0.04412904246863663, 0.0, 0.0, 0.0, 1.0], "fov": 75.0, "aspect": 1.7777777777777777}, {"camera_to_world": [-0.9998793475784876, -0.002124023769579636, 0.015387618693136648, -0.031715091528269915, 0.014749129047594543, -0.44062772409534134, 0.8975687561133676, 0.7192413827257281, 0.004873754031186906, 0.8976874162433084, 0.44060588879412055, -0.04444885812736542, 0.0, 0.0, 0.0, 1.0], "fov": 75.0, "aspect": 1.7777777777777777}, {"camera_to_world": [-0.9949966629126259, -0.03785140755001591, 0.09246032521693803, 0.0458483146558957, 0.09967969969332575, -0.43865446868311053, 0.893110415667283, 0.7166601487704107, 0.0067526485017170915, 0.8978583006526258, 0.4402327494489605, -0.04477316760418411, 0.0, 0.0, 0.0, 1.0], "fov": 75.0, "aspect": 1.7777777777777777}, {"camera_to_world": [-0.9850308402783814, -0.06839875585140653, 0.1582272223684857, 0.1245665914242561, 0.17216945440647088, -0.4355412324273483, 0.8835505157177179, 0.7175107050562148, 0.008480723426965833, 0.8975664014732541, 0.4407977226308103, -0.0438999448221378, 0.0, 0.0, 0.0, 1.0], "fov": 75.0, "aspect": 1.7777777777777777}, {"camera_to_world": [-0.9718196725678456, -0.09521970197659468, 0.2156379659652114, 0.20415163905537317, 0.23550537565383906, -0.4317198306953134, 0.8707210838279695, 0.7181096463129892, 0.010185384051146065, 0.896967778763484, 0.4419785761910098, -0.042288634076465347, 0.0, 0.0, 0.0, 1.0], "fov": 75.0, "aspect": 1.7777777777777777}, {"camera_to_world": [-0.9544055718644757, -0.12190350240591809, 0.272487688703936, 0.2821153769045469, 0.2982734191542963, -0.42600034508867335, 0.8541408978677562, 0.7108423019920502, 0.011957082422076742, 0.8964726666694872, 0.4429376774383167, -0.040981240538253444, 0.0, 0.0, 0.0, 1.0], "fov": 75.0, "aspect": 1.7777777777777777}, {"camera_to_world": [-0.929529224556888, -0.15171913699162404, 0.3360903511932275, 0.3559697243270835, 0.3684910503222771, -0.4162308351877465, 0.8312437895535195, 0.6880940015447136, 0.013775577194992977, 0.8965116816357875, 0.44280586961276514, -0.041019769378588644, 0.0, 0.0, 0.0, 1.0], "fov": 75.0, "aspect": 1.7777777777777777}, {"camera_to_world": [-0.8913582391645906, -0.18733280757945928, 0.4127794915906047, 0.4232266006782856, 0.45303616175575223, -0.3991912859689233, 0.7971226714553372, 0.6422500744222952, 0.015450748040684525, 0.897525897348302, 0.44069097786783484, -0.04344622576855758, 0.0, 0.0, 0.0, 1.0], "fov": 75.0, "aspect": 1.7777777777777777}, {"camera_to_world": [-0.8306889711889421, -0.23021285646300108, 0.5069101240498194, 0.48139792531345693, 0.5564928939416043, -0.37028966739054614, 0.7437749802301081, 0.5656958500761113, 0.016477018466822674, 0.8999375550242055, 0.43570736156220646, -0.04930261487924687, 0.0, 0.0, 0.0, 1.0], "fov": 75.0, "aspect": 1.7777777777777777}, {"camera_to_world": [-0.7369139347651801, -0.2761328739130169, 0.6170157929043945, 0.5382130568878837, 0.6757420398536633, -0.3254613317812741, 0.6613982288225226, 0.44488417668939084, 0.01818098796300055, 0.9043370817674667, 0.42643158210549037, -0.06178180849340833, 0.0, 0.0, 0.0, 1.0], "fov": 75.0, "aspect": 1.7777777777777777}, {"camera_to_world": [-0.6062849349807427, -0.31602757817942995, 0.7297569098305547, 0.6037609902587558, 0.7949626582859883, -0.26540676984630795, 0.5455214188742944, 0.27674095847837343, 0.02128261135930143, 0.9108709109142704, 0.4121422498409208, -0.08252649383682131, 0.0, 0.0, 0.0, 1.0], "fov": 75.0, "aspect": 1.7777777777777777}, {"camera_to_world": [-0.4389121501747171, -0.3463166170398749, 0.8291085123137155, 0.6664068883050679, 0.898278995592878, -0.19092902794725752, 0.3957789185438823, 0.07972891671576894, 0.02123606615303708, 0.9184829378105897, 0.394890013098802, -0.10706399828571585, 0.0, 0.0, 0.0, 1.0], "fov": 75.0, "aspect": 1.7777777777777777}, {"camera_to_world": [-0.24049857917868778, -0.36389780876261335, 0.899854887296169, 0.714140584849803, 0.9705419446034179, -0.10395324183557675, 0.21735238042701566, -0.12738905874977938, 0.014448777749295316, 0.9256198508511162, 0.3781786939158641, -0.1308284242835864, 0.0, 0.0, 0.0, 1.0], "fov": 75.0, "aspect": 1.7777777777777777}, {"camera_to_world": [-0.022226929217491254, -0.36668133287663773, 0.9300810522408107, 0.7349519137159437, 0.9997525188830655, -0.007286955415130247, 0.021019069145522262, -0.32585007806962857, -0.0009298411299704101, 0.9303180641052773, 0.3667525528130411, -0.1492538742739275, 0.0, 0.0, 0.0, 1.0], "fov": 75.0, "aspect": 1.7777777777777777}, {"camera_to_world": [0.20088401265614397, -0.3540313362663611, 0.9134043060992327, 0.7168307087264729, 0.9793077780461982, 0.09592766554790866, -0.17819696641847332, -0.49689125139513546, -0.02453343264576263, 0.9303008631211642, 0.36597597565773715, -0.15777445070023358, 0.0, 0.0, 0.0, 1.0], "fov": 75.0, "aspect": 1.7777777777777777}, {"camera_to_world": [0.41428602088485966, -0.3267834156170849, 0.8494584699542533, 0.646514879458062, 0.9085439969616914, 0.20384973852948185, -0.3646821762663152, -0.6257937125402069, -0.05398979981684987, 0.922853121238203, 0.3813492075993381, -0.15172144915537691, 0.0, 0.0, 0.0, 1.0], "fov": 75.0, "aspect": 1.7777777777777777}, {"camera_to_world": [0.6168244061207669, -0.28170396200358894, 0.7349629445116562, 0.5103559246541758, 0.7824460314026539, 0.32085695032851214, -0.5336937561637047, -0.7381979043257109, -0.08547432337258054, 0.9042641733571928, 0.41833054493621696, -0.12882679357720678, 0.0, 0.0, 0.0, 1.0], "fov": 75.0, "aspect": 1.7777777777777777}, {"camera_to_world": [0.7916467069557798, -0.21069030047870382, 0.5735024748423178, 0.32489581655201843, 0.6011419922989887, 0.43635699853856236, -0.669492998410902, -0.83778812556858, -0.10919613757305, 0.8747583478370532, 0.47209536793800144, -0.0940011812426904, 0.0, 0.0, 0.0, 1.0], "fov": 75.0, "aspect": 1.7777777777777777}, {"camera_to_world": [0.9192055657640836, -0.1114798789574836, 0.37766832598982364, 0.11202087675095984, 0.37580857775817555, 0.5347751923526073, -0.7568245546542537, -0.9187107610756449, -0.11759694193178755, 0.8376083393996606, 0.5334634280027405, -0.053074648591386345, 0.0, 0.0, 0.0, 1.0], "fov": 75.0, "aspect": 1.7777777777777777}, {"camera_to_world": [0.9861216925933964, 0.010923785540964862, 0.16566435436203547, -0.10638257314962751, 0.12581647756710695, 0.6018794197584365, -0.7886135796724867, -0.9751121956537363, -0.10832461109711278, 0.7985122635130302, 0.592151959930858, -0.011877232062853672, 0.0, 0.0, 0.0, 1.0], "fov": 75.0, "aspect": 1.7777777777777777}, {"camera_to_world": [0.9884320844294323, 0.14548752147590976, -0.04284151684154326, -0.3084282115503809, -0.12571849563171783, 0.6279648077158719, -0.7680202211702928, -1.0011388141096862, -0.08483439353578993, 0.764521799143206, 0.6389910361720657, 0.02376103190335046, 0.0, 0.0, 0.0, 1.0], "fov": 75.0, "aspect": 1.7777777777777777}, {"camera_to_world": [0.9323252256403983, 0.27790653249456876, -0.23138200628273942, -0.47222971685192316, -0.3573228266436509, 0.6096209005139751, -0.7075893973314762, -0.9909370012503242, -0.055588408809498335, 0.7423815170472494, 0.6676672913604895, 0.04801010686766609, 0.0, 0.0, 0.0, 1.0], "fov": 75.0, "aspect": 1.7777777777777777}, {"camera_to_world": [0.8324472524552909, 0.3942441088928903, -0.38936249753011404, -0.6101655805928895, -0.5532316411141318, 0.5519303632860095, -0.6239452102173221, -0.9335063035797203, -0.031085738688371445, 0.7348091294249307, 0.6775612298264814, 0.05940979261066964, 0.0, 0.0, 0.0, 1.0], "fov": 75.0, "aspect": 1.7777777777777777}, {"camera_to_world": [0.7025508122588504, 0.4886374511706171, -0.5173546148512762, -0.7508987180264353, -0.7114628227176214, 0.4663598517066114, -0.5256701823452249, -0.8285469516230629, -0.015588716595791918, 0.7373885882149726, 0.675288872916788, 0.06294712566388624, 0.0, 0.0, 0.0, 1.0], "fov": 75.0, "aspect": 1.7777777777777777}, {"camera_to_world": [0.5488076964940811, 0.5604137753266999, -0.6202793827727436, -0.880276745715013, -0.8359066363847983, 0.36046075610761225, -0.41391803361798707, -0.6903518526141148, -0.008378992583433775, 0.74565705503965, 0.6662772311529812, 0.060862035215681384, 0.0, 0.0, 0.0, 1.0], "fov": 75.0, "aspect": 1.7777777777777777}, {"camera_to_world": [0.37254987780657245, 0.6093025697925446, -0.6999692614611797, -0.9839167299206377, -0.9279892475197894, 0.23929660843100986, -0.28561003077810665, -0.5332695789812445, -0.006522655438009006, 0.7559679302970579, 0.6545761554841574, 0.055372040815306965, 0.0, 0.0, 0.0, 1.0], "fov": 75.0, "aspect": 1.7777777777777777}, {"camera_to_world": [0.17259013452716476, 0.6340970728867855, -0.7537463416961343, -1.0474357369053147, -0.9849773193855987, 0.10668728430381091, -0.1357847696313464, -0.37164870315283227, -0.0056855747163505055, 0.7658581627979741, 0.6429844078326135, 0.04869466201201518, 0.0, 0.0, 0.0, 1.0], "fov": 75.0, "aspect": 1.7777777777777777}, {"camera_to_world": [-0.05207979689210385, 0.6319530005152847, -0.7732548738258338, -1.0564508329310573, -0.9986427125466559, -0.03346361787295404, 0.03991138880457984, -0.21983779755724608, -0.0006537837063204655, 0.7742839217099771, 0.6328380370586802, 0.043047418355057876, 0.0, 0.0, 0.0, 1.0], "fov": 75.0, "aspect": 1.7777777777777777}, {"camera_to_world": [-0.2935303003827373, 0.5988814333118953, -0.7451046849882976, -0.9978567016754883, -0.955864123675205, -0.17344041689979472, 0.23715437768731573, -0.08870716859037052, 0.012796086427209696, 0.7818308324822676, 0.6233592941091292, 0.04008624507309173, 0.0, 0.0, 0.0, 1.0], "fov": 75.0, "aspect": 1.7777777777777777}, {"camera_to_world": [-0.5121914872748086, 0.5376095756869382, -0.6698028250858081, -0.8751428232808692, -0.8583938703244224, -0.2944285276905527, 0.4200854740066979, 0.03702841040048523, 0.028632913799999826, 0.7901188430936725, 0.6122845498913378, 0.03732014457877532, 0.0, 0.0, 0.0, 1.0], "fov": 75.0, "aspect": 1.7777777777777777}, {"camera_to_world": [-0.7026656995506243, 0.4508078886924578, -0.5504844794975423, -0.6994390009074809, -0.7101124295855026, -0.3956739106303139, 0.5823937618095586, 0.16162639710564555, 0.044735355404939836, 0.8001339912409439, 0.5981507703226929, 0.0341657941298458, 0.0, 0.0, 0.0, 1.0], "fov": 75.0, "aspect": 1.7777777777777777}, {"camera_to_world": [-0.8608031478049434, 0.33561716507403544, -0.3825951636348381, -0.4813432233510763, -0.5054668340861151, -0.4761306413654717, 0.7195852221883551, 0.2853143099822507, 0.059339871655242626, 0.8128103904728164, 0.5794981007487142, 0.03070084371722575, 0.0, 0.0, 0.0, 1.0], "fov": 75.0, "aspect": 1.7777777777777777}, {"camera_to_world": [-0.9694246483548374, 0.18710777023586186, -0.15876565585624464, -0.2314534794074068, -0.23547628198689083, -0.5272837629741471, 0.8164084479753094, 0.408319667487441, 0.06904181185144166, 0.8288320189406216, 0.5552213185704264, 0.02700294333183776, 0.0, 0.0, 0.0, 1.0], "fov": 75.0, "aspect": 1.7777777777777777}, {"camera_to_world": [-0.9924234993362793, 0.004073874855888671, 0.1227965859003905, 0.03963224212777465, 0.10198695040446892, -0.5300242708277869, 0.8418271403801785, 0.530869988078355, 0.06851466932219566, 0.8479726858084113, 0.525593059515191, 0.02314974296460446, 0.0, 0.0, 0.0, 1.0], "fov": 75.0, "aspect": 1.7777777777777777}]}