{
    "default_fov": 75.0,
    "default_transition_sec": 0.2,
    "keyframes": [
        {
            "matrix": [
                -0.15328608207819638,
                -0.4114611274848334,
                0.8984448328139163,
                0.8759231439454481,
                0.9879206521088455,
                -0.08471179594999734,
                0.12975629758805274,
                -0.0705992861074408,
                0.022719202845824182,
                0.9074820395995921,
                0.4194760846892402,
                -0.0661814421531999,
                0.0,
                0.0,
                0.0,
                1.0
            ],
            "fov": 75.0,
            "aspect": 1.0,
            "override_transition_enabled": false,
            "override_transition_sec": null
        },
        {
            "matrix": [
                0.33810998150240545,
                -0.3916630030707064,
                0.8557346156572603,
                0.8319454697222163,
                0.9409058526323648,
                0.1219018900132226,
                -0.31596852009870674,
                -0.5295513151626884,
                0.019437512459307527,
                0.9119978186579396,
                0.4097342576262743,
                -0.0762123650900404,
                0.0,
                0.0,
                0.0,
                1.0
            ],
            "fov": 75.0,
            "aspect": 1.0,
            "override_transition_enabled": false,
            "override_transition_sec": null
        },
        {
            "matrix": [
                0.8347722381440255,
                -0.22742686342625448,
                0.5014302864966478,
                0.46712689934232515,
                0.5505301423262939,
                0.3307444201801749,
                -0.7665015922422277,
                -0.9934542871575662,
                0.008477783566767039,
                0.9159067366887174,
                0.4013016033783311,
                -0.0848952645469299,
                0.0,
                0.0,
                0.0,
                1.0
            ],
            "fov": 75.0,
            "aspect": 1.0,
            "override_transition_enabled": false,
            "override_transition_sec": null
        },
        {
            "matrix": [
                0.9971849645016045,
                0.035598856421229105,
                -0.0659914236354574,
                -0.11713346683307188,
                -0.07472433145366518,
                0.3990588795636443,
                -0.9138754209027682,
                -1.1452015424358863,
                -0.006198456318832538,
                0.9162339941646509,
                0.400595615398314,
                -0.08562220323883145,
                0.0,
                0.0,
                0.0,
                1.0
            ],
            "fov": 75.0,
            "aspect": 1.0,
            "override_transition_enabled": false,
            "override_transition_sec": null
        },
        {
            "matrix": [
                0.7598865878661409,
                0.27750279328548416,
                -0.5878474064754454,
                -0.6544759092890144,
                -0.6498080879170502,
                0.29930924535246195,
                -0.6986869288344579,
                -0.9236271738004476,
                -0.017939410769050812,
                0.9129108255274956,
                0.40776464066415286,
                -0.07824043188227946,
                0.0,
                0.0,
                0.0,
                1.0
            ],
            "fov": 75.0,
            "aspect": 1.0,
            "override_transition_enabled": false,
            "override_transition_sec": null
        },
        {
            "matrix": [
                0.26631411804234106,
                0.4094891591929606,
                -0.8725797493838443,
                -0.9476578936211066,
                -0.9636191662676894,
                0.09179584304252952,
                -0.2510211656448016,
                -0.4626766002587983,
                -0.022691252342997348,
                0.9076850509419849,
                0.41903813115700195,
                -0.06663239227820093,
                0.0,
                0.0,
                0.0,
                1.0
            ],
            "fov": 75.0,
            "aspect": 1.0,
            "override_transition_enabled": false,
            "override_transition_sec": null
        },
        {
            "matrix": [
                -0.36891920885273977,
                0.39501133194583776,
                -0.8413469349643129,
                -0.9154982224918602,
                -0.9292664696610422,
                -0.1752949125826304,
                0.325169989369178,
                0.13061345051686893,
                -0.019038006806700314,
                0.9017969512351565,
                0.4317404463793089,
                -0.05355312652128792,
                0.0,
                0.0,
                0.0,
                1.0
            ],
            "fov": 75.0,
            "aspect": 1.0,
            "override_transition_enabled": false,
            "override_transition_sec": null
        },
        {
            "matrix": [
                -0.8766156887331316,
                0.20648301597337199,
                -0.4346374332492283,
                -0.49671931756813786,
                -0.48114394442287484,
                -0.3887793365940695,
                0.7857169542415848,
                0.604827484862988,
                -0.006740846544369822,
                0.8978949780191531,
                0.44015811867538,
                -0.04488565361669496,
                0.0,
                0.0,
                0.0,
                1.0
            ],
            "fov": 75.0,
            "aspect": 1.0,
            "override_transition_enabled": false,
            "override_transition_sec": null
        },
        {
            "matrix": [
                -0.9972261945972496,
                -0.02712111906411624,
                0.06931350308416029,
                0.02218673297411171,
                0.07417308013005233,
                -0.4395147148478711,
                0.8951676768160337,
                0.7175262380259947,
                0.0061863553978657795,
                0.8978258518960702,
                0.44030724349479766,
                -0.04473210340872262,
                0.0,
                0.0,
                0.0,
                1.0
            ],
            "fov": 75.0,
            "aspect": 1.0,
            "override_transition_enabled": false,
            "override_transition_sec": null
        },
        {
            "matrix": [
                -0.8185621488233028,
                -0.23744597438255197,
                0.5230443745642408,
                0.4893824013497806,
                0.5741803635053971,
                -0.36441518867129463,
                0.7331565183714013,
                0.5507072794505048,
                0.016520250560670302,
                0.9004559842186544,
                0.434633295786491,
                -0.05057442968302718,
                0.0,
                0.0,
                0.0,
                1.0
            ],
            "fov": 75.0,
            "aspect": 1.0,
            "override_transition_enabled": false,
            "override_transition_sec": null
        },
        {
            "matrix": [
                0.3335466949601863,
                -0.33891829275781493,
                0.879705060298771,
                0.6811238929246476,
                0.9417939117607192,
                0.1614456097132776,
                -0.2948890348499761,
                -0.5803882579378538,
                -0.04208123158343696,
                0.9268601328886877,
                0.3730408342393432,
                -0.15611626359174313,
                0.0,
                0.0,
                0.0,
                1.0
            ],
            "fov": 75.0,
            "aspect": 1.0,
            "override_transition_enabled": false,
            "override_transition_sec": null
        },
        {
            "matrix": [
                0.9259627887571731,
                0.2875809631717312,
                -0.24472454608857336,
                -0.48261815564262245,
                -0.373816891469958,
                0.6064109240365689,
                -0.7018024813726812,
                -0.9884838053558799,
                -0.05342139542146486,
                0.7413251518937788,
                0.6690165720525085,
                0.049236499755287697,
                0.0,
                0.0,
                0.0,
                1.0
            ],
            "fov": 75.0,
            "aspect": 1.0,
            "override_transition_enabled": false,
            "override_transition_sec": null
        },
        {
            "matrix": [
                -0.18257132552992017,
                0.6180913984581586,
                -0.7646114923582342,
                -1.0336886302217139,
                -0.9831757692538998,
                -0.11022094468084365,
                0.14565970652745708,
                -0.1471856229382858,
                0.00575481070500683,
                0.7783407778766962,
                0.6278156701198602,
                0.0412104696932044,
                0.0,
                0.0,
                0.0,
                1.0
            ],
            "fov": 75.0,
            "aspect": 1.0,
            "override_transition_enabled": false,
            "override_transition_sec": null
        },
        {
            "matrix": [
                -0.8737817946664004,
                -0.20078989566522903,
                0.4429320411850002,
                0.32131595245870337,
                0.4836363334095855,
                -0.45429430602888166,
                0.7481394124866494,
                0.6531927902121273,
                0.05100266969185566,
                0.867928626851588,
                0.4940633829538679,
                0.019218892606448608,
                0.0,
                0.0,
                0.0,
                1.0
            ],
            "fov": 75.0,
            "aspect": 1.0,
            "override_transition_enabled": false,
            "override_transition_sec": null
        }
    ],
    "camera_type": "perspective",
    "render_height": 64.0,
    "render_width": 64.0,
    "fps": 30.0,
    "seconds": 2.6,
    "is_cycle": false,
    "smoothness_value": 0.0,
    "camera_path": [
        {
            "camera_to_world": [
                -0.15328608207819638,
                -0.4114611274848334,
                0.8984448328139163,
                0.8759231439454481,
                0.9879206521088455,
                -0.08471179594999734,
                0.12975629758805274,
                -0.0705992861074408,
                0.022719202845824182,
                0.9074820395995921,
                0.4194760846892402,
                -0.0661814421531999,
                0.0,
                0.0,
                0.0,
                1.0
            ],
            "fov": 75.0,
            "aspect": 1.0
        },
        {
            "camera_to_world": [
                -0.043546625108673354,
                -0.416032455246984,
                0.908306494319407,
                0.8815905586182927,
                0.9987988339828247,
                -0.0385713649607804,
                0.030218190541657974,
                -0.14689073191886282,
                0.02246287328447366,
                0.9085313676402309,
                0.4172123839695763,
                -0.06790787007531021,
                0.0,
                0.0,
                0.0,
                1.0
            ],
            "fov": 75.0,
            "aspect": 1.0
        },
        {
            "camera_to_world": [
                0.04397424616162149,
                -0.41602457775372853,
                0.9082895003132807,
                0.8850299115122715,
                0.9987889712769793,
                -0.001772464732688328,
                -0.04916756272426731,
                -0.22321655927847667,
                0.022064825627919726,
                0.9093516421459871,
                0.4154428172401182,
                -0.06962493672325422,
                0.0,
                0.0,
                0.0,
                1.0
            ],
            "fov": 75.0,
            "aspect": 1.0
        },
        {
            "camera_to_world": [
                0.11741023752473667,
                -0.41352257841111195,
                0.9028919720922381,
                0.884013140848519,
                0.9928485970224884,
                0.02910457978108205,
                -0.11577817940459867,
                -0.29961114973447434,
                0.021598599835676746,
                0.9100285712987217,
                0.4139824874377488,
                -0.07132328082286556,
                0.0,
                0.0,
                0.0,
                1.0
            ],
            "fov": 75.0,
            "aspect": 1.0
        },
        {
            "camera_to_world": [
                0.1853689836218596,
                -0.4091426191207127,
                0.8934431471168391,
                0.8763121848481695,
                0.982443337527812,
                0.05767885983643273,
                -0.17742107449562622,
                -0.3761088848350475,
                0.021057741051978163,
                0.910645631597172,
                0.4126513118781707,
                -0.07299354109997791,
                0.0,
                0.0,
                0.0,
                1.0
            ],
            "fov": 75.0,
            "aspect": 1.0
        },
        {
            "camera_to_world": [
                0.25632032303287844,
                -0.40238118488299784,
                0.8788567995142756,
                0.8596989817323571,
                0.9663770829035176,
                0.0875116425534529,
                -0.24177891979344363,
                -0.45274414612838837,
                0.020377086131452282,
                0.9112799210285232,
                0.4112829681509313,
                -0.07462635628042497,
                0.0,
                0.0,
                0.0,
                1.0
            ],
            "fov": 75.0,
            "aspect": 1.0
        },
        {
            "camera_to_world": [
                0.33810998150240545,
                -0.3916630030707064,
                0.8557346156572603,
                0.8319454697222163,
                0.9409058526323648,
                0.1219018900132226,
                -0.31596852009870674,
                -0.5295513151626884,
                0.019437512459307527,
                0.9119978186579396,
                0.4097342576262743,
                -0.0762123650900404,
                0.0,
                0.0,
                0.0,
                1.0
            ],
            "fov": 75.0,
            "aspect": 1.0
        },
        {
            "camera_to_world": [
                0.42913433520586575,
                -0.3757379660390397,
                0.821379755791598,
                0.7922493917489335,
                0.9030576990326575,
                0.16017547146025746,
                -0.39853558255233223,
                -0.6101948776481587,
                0.01818005955056662,
                0.9127786145716441,
                0.40804985751180955,
                -0.07782960849679908,
                0.0,
                0.0,
                0.0,
                1.0
            ],
            "fov": 75.0,
            "aspect": 1.0
        },
        {
            "camera_to_world": [
                0.5209388839875906,
                -0.354858336227031,
                0.7763364221521152,
                0.7422327458218387,
                0.85343145005587,
                0.1987775943923335,
                -0.48181140296088076,
                -0.6953802254882883,
                0.016656506395361037,
                0.9135442130394021,
                0.4063982426351286,
                -0.0795011837136291,
                0.0,
                0.0,
                0.0,
                1.0
            ],
            "fov": 75.0,
            "aspect": 1.0
        },
        {
            "camera_to_world": [
                0.6102428174310723,
                -0.3290442411507879,
                0.7206480355480678,
                0.6833038527792811,
                0.7920746210354799,
                0.2363288119504096,
                -0.5628201198905465,
                -0.7807030995211853,
                0.0148828251783088,
                0.9142639553255998,
                0.40484555265817335,
                -0.08113531383379383,
                0.0,
                0.0,
                0.0,
                1.0
            ],
            "fov": 75.0,
            "aspect": 1.0
        },
        {
            "camera_to_world": [
                0.6939740294800067,
                -0.29867330003897763,
                0.6551292286649327,
                0.61687103345961,
                0.7198845861422625,
                0.2715373926043178,
                -0.638775098960841,
                -0.8617592405849583,
                0.012892984218805137,
                0.9149107630044995,
                0.40345020349041616,
                -0.08264022195055662,
                0.0,
                0.0,
                0.0,
                1.0
            ],
            "fov": 75.0,
            "aspect": 1.0
        },
        {
            "camera_to_world": [
                0.7694893996300973,
                -0.2644641009541651,
                0.5813302014891515,
                0.5443426087011749,
                0.6385693221182767,
                0.3032919409386648,
                -0.7072787423718192,
                -0.9341443895177157,
                0.010737071589445757,
                0.9154631275306302,
                0.4022585952164608,
                -0.08392413115718084,
                0.0,
                0.0,
                0.0,
                1.0
            ],
            "fov": 75.0,
            "aspect": 1.0
        },
        {
            "camera_to_world": [
                0.8347722381440255,
                -0.22742686342625448,
                0.5014302864966478,
                0.46712689934232515,
                0.5505301423262939,
                0.3307444201801749,
                -0.7665015922422277,
                -0.9934542871575662,
                0.008477783566767039,
                0.9159067366887174,
                0.4013016033783311,
                -0.0848952645469299,
                0.0,
                0.0,
                0.0,
                1.0
            ],
            "fov": 75.0,
            "aspect": 1.0
        },
        {
            "camera_to_world": [
                0.8897478300234984,
                -0.1878325781657435,
                0.41601408816058816,
                0.3819063181193202,
                0.45641124468481786,
                0.35386338832317693,
                -0.8163758191725767,
                -1.0411309154388664,
                0.006129820040673389,
                0.9162421213762497,
                0.4005780826782946,
                -0.08557068620244813,
                0.0,
                0.0,
                0.0,
                1.0
            ],
            "fov": 75.0,
            "aspect": 1.0
        },
        {
            "camera_to_world": [
                0.934497677833165,
                -0.1455708199363107,
                0.3248433876616431,
                0.28689069090873215,
                0.35595013198135395,
                0.3726831250021131,
                -0.8569753741392551,
                -1.0809860780780016,
                0.0036869590286640053,
                0.9164695438047735,
                0.4000874674510455,
                -0.08602723046565373,
                0.0,
                0.0,
                0.0,
                1.0
            ],
            "fov": 75.0,
            "aspect": 1.0
        },
        {
            "camera_to_world": [
                0.9680448362803482,
                -0.10132627553112457,
                0.22939525025149174,
                0.18577945825938014,
                0.250774358808975,
                0.38679279586378884,
                -0.8874139699327598,
                -1.112170248586121,
                0.001189922224927864,
                0.9165829580320944,
                0.39984280052319887,
                -0.08626277581872077,
                0.0,
                0.0,
                0.0,
                1.0
            ],
            "fov": 75.0,
            "aspect": 1.0
        },
        {
            "camera_to_world": [
                0.989768073912187,
                -0.055854269035065074,
                0.13129912602419735,
                0.0822720607200829,
                0.14267943641627392,
                0.39593112232963174,
                -0.9071279539264199,
                -1.133833900474375,
                -0.001318441539825868,
                0.9165799730527375,
                0.3998492399774561,
                -0.08627520074382335,
                0.0,
                0.0,
                0.0,
                1.0
            ],
            "fov": 75.0,
            "aspect": 1.0
        },
        {
            "camera_to_world": [
                0.9994298414906865,
                -0.009947517907043882,
                0.03226513327711902,
                -0.019932061160340554,
                0.03354980731756111,
                0.3999981445052158,
                -0.9159016840367415,
                -1.1451275072539135,
                -0.003795045040013968,
                0.9164619639024163,
                0.40010381946848583,
                -0.08606238372313554,
                0.0,
                0.0,
                0.0,
                1.0
            ],
            "fov": 75.0,
            "aspect": 1.0
        },
        {
            "camera_to_world": [
                0.9971849645016045,
                0.035598856421229105,
                -0.0659914236354574,
                -0.11713346683307188,
                -0.07472433145366518,
                0.3990588795636443,
                -0.9138754209027682,
                -1.1452015424358863,
                -0.006198456318832538,
                0.9162339941646509,
                0.400595615398314,
                -0.08562220323883145,
                0.0,
                0.0,
                0.0,
                1.0
            ],
            "fov": 75.0,
            "aspect": 1.0
        },
        {
            "camera_to_world": [
                0.9834222042281849,
                0.08035910843906123,
                -0.16255208987231567,
                -0.21223162942666757,
                -0.18113084829154652,
                0.39327674239567306,
                -0.9014016971849077,
                -1.1326472995669592,
                -0.008507880356642836,
                0.9159016418707451,
                0.4013125943579524,
                -0.08491007720822318,
                0.0,
                0.0,
                0.0,
                1.0
            ],
            "fov": 75.0,
            "aspect": 1.0
        },
        {
            "camera_to_world": [
                0.9584782678383983,
                0.12403655507274954,
                -0.2567768351841505,
                -0.3087659960058952,
                -0.28496442712035885,
                0.38279327436481525,
                -0.8787858580888912,
                -1.1078626585475448,
                -0.010709124962820796,
                0.9154694107979511,
                0.40224504041166576,
                -0.08391878642903389,
                0.0,
                0.0,
                0.0,
                1.0
            ],
            "fov": 75.0,
            "aspect": 1.0
        },
        {
            "camera_to_world": [
                0.9228698298359801,
                0.16607385316843298,
                -0.3474633109729702,
                -0.40399708692624925,
                -0.38490008636961576,
                0.3678256592423895,
                -0.8464964311298449,
                -1.0727079724194153,
                -0.012775002589884121,
                0.9149446757573332,
                0.40337704398259594,
                -0.08270225370405422,
                0.0,
                0.0,
                0.0,
                1.0
            ],
            "fov": 75.0,
            "aspect": 1.0
        },
        {
            "camera_to_world": [
                0.8773000426101144,
                0.20595778327382275,
                -0.4335043560856391,
                -0.4951854225432246,
                -0.4797177174832078,
                0.3486694914914632,
                -0.8051710981125602,
                -1.029043594224341,
                -0.014681511127698471,
                0.914336358903012,
                0.40468935743232703,
                -0.08131440183607481,
                0.0,
                0.0,
                0.0,
                1.0
            ],
            "fov": 75.0,
            "aspect": 1.0
        },
        {
            "camera_to_world": [
                0.8226367935606597,
                0.24323116999366887,
                -0.5139137124301585,
                -0.5795915232123146,
                -0.5683304244706043,
                0.3256896354963108,
                -0.7555969758749325,
                -0.9787298770040949,
                -0.016408366807803387,
                0.9136546717845816,
                0.40615995152760853,
                -0.07980915362788635,
                0.0,
                0.0,
                0.0,
                1.0
            ],
            "fov": 75.0,
            "aspect": 1.0
        },
        {
            "camera_to_world": [
                0.7598865878661409,
                0.27750279328548416,
                -0.5878474064754454,
                -0.6544759092890144,
                -0.6498080879170502,
                0.29930924535246195,
                -0.6986869288344579,
                -0.9236271738004476,
                -0.017939410769050812,
                0.9129108255274956,
                0.40776464066415286,
                -0.07824043188227946,
                0.0,
                0.0,
                0.0,
                1.0
            ],
            "fov": 75.0,
            "aspect": 1.0
        },
        {
            "camera_to_world": [
                0.6907806687322393,
                0.3082079053150766,
                -0.6540871156100946,
                -0.7212347579054812,
                -0.7228080006640174,
                0.2702561798877254,
                -0.6360111566698963,
                -0.8621865747583793,
                -0.019252581175682515,
                0.9121236124198224,
                0.4094628845014985,
                -0.07656736240417454,
                0.0,
                0.0,
                0.0,
                1.0
            ],
            "fov": 75.0,
            "aspect": 1.0
        },
        {
            "camera_to_world": [
                0.6165682266610013,
                0.3352238738241812,
                -0.7123682869769103,
                -0.7823388882037502,
                -0.7870385119109006,
                0.2390556595208677,
                -0.5687027100516739,
                -0.7926100154734698,
                -0.020347054852816182,
                0.9113052979486911,
                0.41122822287564853,
                -0.0747386321123232,
                0.0,
                0.0,
                0.0,
                1.0
            ],
            "fov": 75.0,
            "aspect": 1.0
        },
        {
            "camera_to_world": [
                0.5373331051929118,
                0.35880438655026536,
                -0.763238197587117,
                -0.8366607835541349,
                -0.843102685617574,
                0.20574296267886255,
                -0.49683769463735195,
                -0.7163841171633872,
                -0.021236656238154572,
                0.9104555153879909,
                0.41306144691971736,
                -0.07279250548026275,
                0.0,
                0.0,
                0.0,
                1.0
            ],
            "fov": 75.0,
            "aspect": 1.0
        },
        {
            "camera_to_world": [
                0.452853255857696,
                0.37908188460207304,
                -0.8069825607939892,
                -0.8830729273269474,
                -0.8913153863885938,
                0.1702247405950823,
                -0.4202147304370569,
                -0.6349955010458015,
                -0.021927394875719708,
                0.9095715818207368,
                0.414968344453028,
                -0.07076724698153064,
                0.0,
                0.0,
                0.0,
                1.0
            ],
            "fov": 75.0,
            "aspect": 1.0
        },
        {
            "camera_to_world": [
                0.36269533234643114,
                0.3960401593691013,
                -0.8435664099885728,
                -0.9204478028925003,
                -0.931638126622199,
                0.13231878746330095,
                -0.33844074741100766,
                -0.5499307883383824,
                -0.022416443027195365,
                0.9086495092449778,
                0.41695751873646525,
                -0.06870112108966424,
                0.0,
                0.0,
                0.0,
                1.0
            ],
            "fov": 75.0,
            "aspect": 1.0
        },
        {
            "camera_to_world": [
                0.26631411804234106,
                0.4094891591929606,
                -0.8725797493838443,
                -0.9476578936211066,
                -0.9636191662676894,
                0.09179584304252952,
                -0.2510211656448016,
                -0.4626766002587983,
                -0.022691252342997348,
                0.9076850509419849,
                0.41903813115700195,
                -0.06663239227820093,
                0.0,
                0.0,
                0.0,
                1.0
            ],
            "fov": 75.0,
            "aspect": 1.0
        },
        {
            "camera_to_world": [
                0.16453282644901657,
                0.4189456550487036,
                -0.8929801157565103,
                -0.9656003501817549,
                -0.9861096785581847,
                0.049001985556351046,
                -0.15870257485437578,
                -0.3700752650570734,
                -0.02272995544587314,
                0.90668811811303,
                0.4211888004186256,
                -0.06448659263713966,
                0.0,
                0.0,
                0.0,
                1.0
            ],
            "fov": 75.0,
            "aspect": 1.0
        },
        {
            "camera_to_world": [
                0.059328145877440286,
                0.4239364460934998,
                -0.9037466795404335,
                -0.9753566160119931,
                -0.997984559136468,
                0.004768282599510676,
                -0.06327782554925215,
                -0.27030595140907565,
                -0.02251645691345594,
                0.9056793876171993,
                0.42336492062215053,
                -0.062218217005650264,
                0.0,
                0.0,
                0.0,
                1.0
            ],
            "fov": 75.0,
            "aspect": 1.0
        },
        {
            "camera_to_world": [
                -0.04803539010880653,
                0.42419176998908725,
                -0.9042974862127067,
                -0.9760756136349716,
                -0.9986023945642285,
                -0.04037360918858035,
                0.03410614683128149,
                -0.16686054117124344,
                -0.022042206506698303,
                0.9046719371985701,
                0.42553827933301475,
                -0.059908973981026556,
                0.0,
                0.0,
                0.0,
                1.0
            ],
            "fov": 75.0,
            "aspect": 1.0
        },
        {
            "camera_to_world": [
                -0.15618110734194157,
                0.4195162865518106,
                -0.8942111311246489,
                -0.9669062655738418,
                -0.9874986781407801,
                -0.0858448751543901,
                0.13220067352301657,
                -0.06323091620001697,
                -0.021303107277037214,
                0.9036795575465377,
                0.4276791260896851,
                -0.05764057216056241,
                0.0,
                0.0,
                0.0,
                1.0
            ],
            "fov": 75.0,
            "aspect": 1.0
        },
        {
            "camera_to_world": [
                -0.2636474906318975,
                0.40979734831504705,
                -0.8732446014705504,
                -0.9469974943517544,
                -0.964405473643233,
                -0.13103102013552392,
                0.22968011269854444,
                0.03709104164816703,
                -0.020299829813960335,
                0.9027164588486247,
                0.42975680545318184,
                -0.05549472014155158,
                0.0,
                0.0,
                0.0,
                1.0
            ],
            "fov": 75.0,
            "aspect": 1.0
        },
        {
            "camera_to_world": [
                -0.36891920885274,
                0.3950113319458375,
                -0.8413469349643126,
                -0.91549822249186,
                -0.9292664696610418,
                -0.1752949125826302,
                0.3251699893691785,
                0.1306134505168694,
                -0.019038006806700147,
                0.9017969512351564,
                0.43174044637930886,
                -0.05355312652128791,
                0.0,
                0.0,
                0.0,
                1.0
            ],
            "fov": 75.0,
            "aspect": 1.0
        },
        {
            "camera_to_world": [
                -0.47222241503252316,
                0.3748318174626417,
                -0.7978139503408702,
                -0.8692344155901159,
                -0.8813057158471622,
                -0.21873167353088896,
                0.4188755068149699,
                0.22072430072421825,
                -0.017499313014307738,
                0.90092039804415,
                0.43363142233006796,
                -0.051754694845543014,
                0.0,
                0.0,
                0.0,
                1.0
            ],
            "fov": 75.0,
            "aspect": 1.0
        },
        {
            "camera_to_world": [
                -0.5721950844210641,
                0.3490251742417726,
                -0.742141639520295,
                -0.8082521287471927,
                -0.8199676820506648,
                -0.2607686516777261,
                0.5095612923826147,
                0.3108946958189903,
                -0.01567755583089947,
                0.9001006266233131,
                0.43539990376145926,
                -0.050021838945636166,
                0.0,
                0.0,
                0.0,
                1.0
            ],
            "fov": 75.0,
            "aspect": 1.0
        },
        {
            "camera_to_world": [
                -0.6651975901951496,
                0.31813454725778484,
                -0.6755017215667551,
                -0.7365304187433113,
                -0.7465431766585602,
                -0.299875479765068,
                0.5939259061703035,
                0.3977574237907202,
                -0.013618053572801048,
                0.899369282595728,
                0.43697762201299717,
                -0.04841153284718264,
                0.0,
                0.0,
                0.0,
                1.0
            ],
            "fov": 75.0,
            "aspect": 1.0
        },
        {
            "camera_to_world": [
                -0.7482030143319218,
                0.2831443806025219,
                -0.6000179239638097,
                -0.6580483423586944,
                -0.6633721367435779,
                -0.33477936450074397,
                0.6692235689937541,
                0.47794527262894004,
                -0.011386726346314269,
                0.8987502638874117,
                0.43831302242281356,
                -0.046980750575797744,
                0.0,
                0.0,
                0.0,
                1.0
            ],
            "fov": 75.0,
            "aspect": 1.0
        },
        {
            "camera_to_world": [
                -0.8190519539306556,
                0.24539800484884688,
                -0.5185881949857523,
                -0.5767849563735625,
                -0.5736477406145265,
                -0.3645722304039134,
                0.7334953023068141,
                0.548091030323185,
                -0.0090645711550012,
                0.8982577069162953,
                0.43937560869403613,
                -0.04578646615709674,
                0.0,
                0.0,
                0.0,
                1.0
            ],
            "fov": 75.0,
            "aspect": 1.0
        },
        {
            "camera_to_world": [
                -0.8766156887331316,
                0.20648301597337199,
                -0.4346374332492283,
                -0.49671931756813786,
                -0.48114394442287484,
                -0.3887793365940695,
                0.7857169542415848,
                0.604827484862988,
                -0.006740846544369822,
                0.8978949780191531,
                0.44015811867538,
                -0.04488565361669496,
                0.0,
                0.0,
                0.0,
                1.0
            ],
            "fov": 75.0,
            "aspect": 1.0
        },
        {
            "camera_to_world": [
                -0.9214972523920781,
                0.16745037217161038,
                -0.3504328561842347,
                -0.41543087101857273,
                -0.38835917176253565,
                -0.40765412729400696,
                0.8264352764784907,
                0.6477667923074486,
                -0.0044685055408593966,
                0.8976516503409054,
                0.44068304607561226,
                -0.044297961337063214,
                0.0,
                0.0,
                0.0,
                1.0
            ],
            "fov": 75.0,
            "aspect": 1.0
        },
        {
            "camera_to_world": [
                -0.955341784871489,
                0.12838461431942538,
                -0.2661568426409696,
                -0.3292522603159233,
                -0.2954945618052992,
                -0.4218883071205435,
                0.8571424737221089,
                0.679525153476758,
                -0.002244553864736404,
                0.8975119203225184,
                0.44098448369181187,
                -0.043981739774203506,
                0.0,
                0.0,
                0.0,
                1.0
            ],
            "fov": 75.0,
            "aspect": 1.0
        },
        {
            "camera_to_world": [
                -0.9792079574626473,
                0.08941562970257097,
                -0.18208959664605756,
                -0.2402923400127593,
                -0.20285899287839151,
                -0.4319269903248285,
                0.8787987847268002,
                0.7012414235020921,
                -7.106473059263763e-05,
